Number of calls	Total Customers	Contacted customers	Contact Rate
1	 2,32,736 	2346	1.01%
2	11279	431	3.82%
3	6694	313	4.68%
4	5327	291	5.46%
5	4443	267	6.01%
6	3367	235	6.98%
7	2224	162	7.28%
8	1454	123	8.46%
9	707	94	13.30%
10	524	60	11.45%
11	693	89	12.84%
12	659	85	12.90%
13	633	93	14.69%
14	549	93	16.94%
15	459	67	14.60%
16	502	50	9.96%
17	534	67	12.55%
18	431	53	12.30%
19	357	33	9.24%
20	298	20	6.71%
21	329	41	12.46%
22	257	38	14.79%
23	335	43	12.84%
24	313	44	14.06%
25	281	34	12.10%
26	263	38	14.45%
27	203	29	14.29%
28	176	30	17.05%
29	117	18	15.38%
30	142	13	9.15%
31	128	24	18.75%
32	119	21	17.65%
33	107	14	13.08%
34	158	22	13.92%
35	163	23	14.11%
36	154	21	13.64%
37	138	24	17.39%
38	173	23	13.29%
39	132	34	25.76%
40	116	16	13.79%
41	86	16	18.60%
42	73	15	20.55%
43	42	12	28.57%
44	37	6	16.22%
45	47	15	31.91%
46	28	4	14.29%
47	26	8	30.77%
48	28	11	39.29%
49	20	9	45.00%
50	14	8	57.14%
51	7	0	0.00%
52	3	0	0.00%
53	9	2	22.22%
54	23	2	8.70%
55	16	3	18.75%
56	8	1	12.50%
57	15	1	6.67%
58	10	1	10.00%
59	8	2	25.00%
60	6	1	16.67%
61	11	2	18.18%
62	5	0	0.00%
63	4	0	0.00%
64	2	0	0.00%
65	4	1	25.00%
66	3	1	33.33%
67	1	1	100.00%
68	3	2	66.67%
70	1	0	0.00%
71	1	1	100.00%
73	1	1	100.00%
95	1	1	100.00%
